$ANSIBLE_VAULT;1.1;AES256
39663564613836383462633733383063333966383837656233393630346262313265623163306636
6266326464633266356538356231633836633262316437310a373133633434393332636461363436
32343537623465303331636133336537326531656466633837663563336134346466343033646531
3535356635616330380a656139303630396236363037333731393062396365633338396130633233
37333534376135343034343438306438323465653964353362383937306263633464656464646136
33303832333031386561633234333734373762313563656239643032666330313636386432383639
34313164386563313865393435386533313032326462373938366135666539336335653030636637
33326262643662363138666136313030653332323234613665643933353032643964386463333335
33326430663730343538316366643834356563376237653665386331646236623234306434396466
63313831313264353238363231316236303432633133386437643432343936306137613531363161
31313030306262326632356332353630613263376562653730356132656262303534313738623533
34653865646232623037356435353230313634396566653531613139376635633537656464323065
62316530393332656163366365326166376266326465326265343634353664323236366638623839
32663865643063313339326465333263353934356261616130363564656563623034653732626266
30646261333834336563616363303562363837663266383861363461636162623563366333343336
35663837313734663834666533373734383333303038336661313365356339323833613362393461
62323532323336613062656435643837363666303030363937306335383863333663386132656630
38376236663966386363313837653166383235623565353665623339353634363738303561353635
32616634393936323532643965613132396335656364316439626261336131663333636432393630
63316533643465616266626434303663663734383061636466326633353065363766346634396564
30336138666434303932306362316138356430316165306262366637363162333036343565353733
34643434306237363336636431636437376366643830633065326565333031316335396339336136
38383233626562393035356666323431323432326639316362653430656566646665636262376463
66333166646532613336623737653538376661313263623935316331343037613266346533386430
33323031636266303962653862393262663133363237336365656437393634313461666433393761
64633561623232663432616434386461323934656132656466613534396639353435396437356165
37633730646462346533383765393439643236623633626132333737313832346631656661663265
64653765663064333763376336316364323231346231343539393236393464313962316461613136
35376663306362383364343161376232656231316139623332306134353233313637643663383764
62653062333531376239363730346365623162376338336665386165653135363864393039346662
31646231613762343962656239376235633262643130353037663866363034363633653363316530
66343562306664323631333162656232323238303266643438326561356365376530386135613062
30303433333034366637393833366437373937333731376337613233303234663934633734303139
62326466633034343033313237333033373264663365313339316331616661353566646165396664
31633464346431653131666334653034346131323137303135353231626365363964396265656638
62666430363634383237663361633336363132363736373230663337323464666465643132623763
33383139393235666232393939356538643138306362386466303463363538386331376331623663
66656536326161353766393237333432326561316538646363306536373733666631383565303734
63376338333536663231323130333265376663373365666265393433646238326336386438333465
31343938653236356139303162656430306435313064393164646232323932313866616539663232
62613364626534613232353762343333333164656564343030653961663136636333623634323233
66613366356336336238383330646337613039373062653262326566393030646636633938656366
31393031646230313962303432343161383734363936316362313037656436353431656338656631
35653532316439623136376133653161646339653164326139393634383032616634666365306537
61666163313133313934656331646237346636613065373063383238353638303436356433646363
38376435306163386535363130336466373163326565646662323537653132376133376365313565
35313561653130653361616462393361646362633462353132323539363162363266386333353230
63613566346539366361623830356464663566643265396461373839366237376465663632316566
64636530636461383765326238336433343664666230656333313834666264333366643539626139
63356139303334336135363632633463363238313138326163663065323132353866656563336639
30303364343736376338613533386633393635313837636130623961356437386130353632346231
37373734616366323031303335333038346365393935653361396538636363386136653161633634
36646564336565313263663539306233393735623735306332643936633338646234633430623133
33323065663564616137306631383634383065643933323737383366306262393830323431656339
32333435643434323064376461393634383037316464333061316331326465643838346635613664
37363066373563646435616336346237356435626632643762353732336136633833353366326562
63333063393765336164613964626435353265393337663266396133353735393465633932306538
34376362636230313734623730353265643764373030666332393263653264636139336562303966
35316664623266353633626234306463356337303164373062366662313534623232626430613938
64663561653734303530373638393034643366346230323839656234633334333961313337303035
62626131396261633366633465666431663361613062343835656337636233633662646165303163
39616437313666396261333439666563356636333837643032633631336261636536396238333661
66613664666537643664653161333664336632663165303239663839353634616336393164363839
34616262663136636463653365616430623962653332356433383865323032623834356362313934
35393561643238306564326239373464346432303266623339613739346262376163323166623963
63303339396330383033356433356339306161643539633761396632623738373561663337336362
31306164633963323361663936633237626364396331333735616466326339393764626433643234
39386533653865633635346138646566666634303138373666373838336662363433646665383235
65616333663563643461313932623635393964643135333936313062633130666236636563336261
30353935366564323864383264363036373235623634313961353165633239306531373964366637
36303738663635643362376462333262643264663636306239323935316637363565303539643462
30633964396431396161323664363466343232626438393863666133366138646230643632363533
33633634636537623430383736343435363433323065613335616564363562303230663662616433
37623165623931366231303037613663316562393666366630316334393166663939346535643035
63653131326663366138626563313564333161623434396164666634653731363337333437393665
61323737386633383231333066363363393661333739306464323766663765663734656537366163
39636635623139313664643739333138376161363434383730343733613337646639343133316631
31383162303338346564656639373963373363363363646533306262353237323235313432636132
34353530376435623134636465663135623535353961366331303163613431306631626161306435
39366665306534623533613038633166316461383631313564313963666638626562383433333739
62636566343065653266393962333061616163613133616164636631386635336261353863393133
62363861653233376437623132386462316333303964616665663362356563626538333431333365
63666632353066323637393964363838353331623066333030646466623835643330653739623966
37653734643439643834656263626236666137303932303865666639623235663164346634623131
64656361313739346134383534616463373733356138373532336332663566373632613030356236
64363637373962623663393064356264373136353666333237336331336135343838636336663837
65373039326238393338353062633634343037336466316162663964353038313738646466356231
36626432653632333332613335633163316331353362313231396530313931656263373961336332
33636631303266643237363163626165313937303035356534323062323661636331616464323933
65626337663066333965323135353135323264333837343930393538393735646634353133616430
33376534383736626465303161376638366638646539316534613431613163633961386539643235
63366134623237373761306435656663393532636335363562353063373531393461323138633139
33323961656233653866663930336635636364386439653466626639346439323266643738663864
65643832363163303930653536353735306235663862393562333664393734383364663061323566
37663533333032633463333935613661666238316430333136346234313239343262333930323766
63663761346266303866616538363739323066346634353832373833386639303033303662646632
35333839346137313238383735616539636136656562386236336537616238383232383563373138
38373032633062646531326263363766326433353062623439343539373666316530656166376130
34366435633136353062643631623166646130353738356266303964643533353163383433366235
66303335636431303138623334386630616665363465353138373531396461303639666663393430
64623131333366366565633331613165303263393630386663356166626538336334313333303035
66386261396636666264343363613238646465643766376263663431613436653366303139383762
33336334356264613566653837323231303637323835376162373138393564386261613361323332
30386464383832316632396234653535666636376462613430353232633461373433323230636461
34656165666535336464366136343036643533646361633033303863626136653236656432373632
64326237303234633638306161643335663063643636663964663030333734353132326639616634
66613437663436316535303833633431643239633439333332666433663438616430353339616638
66343931343564336637323465636236323936666362616633336262363334613464313138366663
39663463356235633530623666363363386538613239386234643137356138383064343966616634
34643663396431666535313639393539353765316338386133386630613765306236303237643735
61356164363632363166356332363361616137653731373132376430303536613961353666623435
30396339613062313530393436626135653464613032613361303233663636313766316266613763
30346233306330373535636438373138306438396261393331646334623238383761656530356264
33323731316334653163646332643232333432313332646562306161323165616364633861343834
62326561643338333766343436346262323030333336343830383838643265646437316435386336
34323138643661386631666137626534353933393634633663336637393365373137373134316437
62646266303635663232623731313062373332383334363635383434366565663335373432663865
66663638653434353337353039343438623431663037393566316237373064393535306139633966
34613336333163333262333931623134343166356131363263623865383132343164626335393966
36633461333836643866323866306663626132396336633262616463633132336464373263646563
61633534656564303632333064333234623036646532396332396566623961323733613539373536
33666261333730343561653765653661376433646265336235366437373239373432346238653934
38376238356236376630616361646638656134643634313962663236613961376564356235373265
36313930613662636137656134656462653765636365343131363734346433306333633034373562
31343736636332383931636639643363613232393035386233363563313362303237663161323238
37393230373734373137353865333762616666383366646135393837353064383066343961313534
38623735316130613632333033643534636262383563383532643730663165646633386636653436
61656166663735313436616431336437313863393230623930633962346533633438373735316361
64306238656536333865303265343130376161636537633130343731646534666239376134353964
30623232353837633165343433656364333862336430366461303061386539393539343835646666
66343764656332653537646161353636303561383632326330626639366630656564626239343337
33323134306436643036373138323562393261656366663563316363396337353637363065643161
38623438363636666531353732356632336530633564323239616466666633376263303561396561
3634353062646639303739343166323965353232313863653039
